Original_Taxonomy,Predicted_Taxonomy,Prob_C-Group,Prob_D-type,Prob_Other,Prob_S-Group,Prob_V-type,Prob_X-Group
X-Group,X-Group,0.10285429082104562,0.020487829907138943,0.04083012067132577,0.17592945600243062,0.047004563070656785,0.6128937395274021
S-Group,S-Group,0.01761666800790821,0.0358445057275067,0.02143297011713498,0.8269169564884722,0.016132714739414872,0.08205618491956314
S-Group,S-Group,0.014510285029184807,0.016942066703116456,0.019515066116032428,0.7875870226459365,0.050913913122423916,0.1105316463833058
S-Group,S-Group,0.010644332770027043,0.0,0.01749559186089333,0.9302871935682411,0.0,0.04157288180083844
S-Group,S-Group,0.0012072729380377264,0.008902439024390245,0.00404277314882659,0.9731890745662041,0.0,0.012658440322541327
S-Group,S-Group,0.013467260932435112,0.0,0.014042773148826591,0.922134555899227,0.0,0.05035541001951102
S-Group,S-Group,0.0006725011515430677,0.0,0.02634118964626209,0.9632853125244538,0.009700996677740863,0.0
S-Group,S-Group,0.0012072729380377264,0.018750668366717394,0.014172661883191266,0.945655134652566,0.0,0.020214262159487663
S-Group,S-Group,0.01818160837183149,0.028910643387741644,0.02119743380292848,0.879659303768305,0.026980861973902866,0.025070148695290513
S-Group,S-Group,0.02263415708606425,0.09467642603624615,0.018568325997301013,0.7705680628742981,0.018603435702131108,0.07494959230395945
S-Group,S-Group,0.012057964594069897,0.1139960346769428,0.03900585480042851,0.622164720802628,0.006431718061674009,0.2063437070642567
S-Group,S-Group,0.006286520353246458,0.0,0.007853968916563396,0.9694494251231944,0.0,0.01641008560699562
V-type,S-Group,0.0021607220276245887,0.20539751562870434,0.01550591740151633,0.657786816298163,0.08904361323201378,0.03010541541197779
C-Group,C-Group,0.8947602727007791,0.0075,0.012820001684683042,0.08491972561453773,0.0,0.0
S-Group,S-Group,0.024293203104544886,0.009700996677740863,0.017190449835261377,0.934780270499114,0.009798657718120806,0.004236422165217956
S-Group,S-Group,0.02229073884324846,0.0,0.14285139704050895,0.8011288568946122,0.008902439024390243,0.02482656819723993
S-Group,S-Group,0.00474116157684924,0.0,0.02742469735148748,0.8789687450336422,0.005187300367929488,0.08367809567009152
S-Group,S-Group,0.011868636511845219,0.008902439024390245,0.04119743380292848,0.8396622410040611,0.046101213490353406,0.05226803616642156
S-Group,S-Group,0.023780530313595984,0.003359057741269778,0.025177271915193426,0.7360675808367074,0.002507677836279456,0.20910788135695393
S-Group,S-Group,0.031172958831812352,0.0014225838195955605,0.00710861403137707,0.9100278149223928,0.0,0.05026802839482225
S-Group,S-Group,0.0,0.009798657718120806,0.016121037507447943,0.9586331459640084,0.0,0.01544715881042281
S-Group,S-Group,0.034740552377574035,0.0,0.17972493297937248,0.7469236827279663,0.018838709677419355,0.019772122237667757
S-Group,S-Group,0.0749343743040669,0.0,0.03992982864099537,0.8692825117106036,0.0,0.0158532853443342
S-Group,S-Group,0.010604371368869483,0.0,0.0038789642787817446,0.9835885320743364,0.0,0.0019281322780122614
S-Group,S-Group,0.0006621229763859277,0.029218012556830483,0.014046119707397099,0.8562624078161832,0.002251252974786967,0.09756008396841645
S-Group,S-Group,0.0021607220276245887,0.08461635612288124,0.015930653022855325,0.8665836146028206,0.009700996677740863,0.02100765754607722
S-Group,S-Group,0.02218569720937012,0.0,0.036821494999828557,0.8300314602619625,0.01568120585451103,0.0952801416743277
S-Group,S-Group,0.009101429334767432,0.055029110936270643,0.008944483717714627,0.8848964362559117,0.01585107290038369,0.026177466854951873
S-Group,S-Group,0.009153605015673982,0.34224862306474874,0.009404186795491145,0.5760636694281576,0.044892363323327966,0.018237552372600604
S-Group,S-Group,0.02545500898109018,0.1439798389241815,0.023293654125742677,0.7806674373057235,0.008021978021978021,0.018582082641283998
V-type,V-type,0.00872857142857143,0.0,0.02012222592406265,0.1429137955177463,0.8127882483191968,0.01544715881042281
S-Group,S-Group,0.02011496803260817,0.0,0.09001558944972125,0.820366925496085,0.03755256309386915,0.0319499539277162
S-Group,S-Group,0.02345225638438561,0.0,0.029394534947131047,0.8429392628345513,0.032990622920841005,0.07122332291309101
S-Group,S-Group,0.018255034350441412,0.1960650778489433,0.019534667638512908,0.6916852012536571,0.01832179386309992,0.05613822504534526
S-Group,S-Group,0.04401743092170873,0.0,0.016359455913326108,0.9212835458906403,0.0,0.01833956727432474
C-Group,C-Group,0.5477148726419537,0.017733274214208297,0.05561105210315736,0.1706014406832319,0.04067221664875037,0.1676671437086983
C-Group,C-Group,0.722569968646261,0.03523985515820937,0.02461501297652166,0.1422231402775864,0.04199291016232322,0.033359112779098046
S-Group,S-Group,0.00911180750992457,0.0,0.008590429767842637,0.9728784078835231,0.009419354838709678,0.0
S-Group,S-Group,0.24873402403527303,0.08922733501866346,0.029393764780175212,0.5780756675430656,0.044569208622822654,0.01
S-Group,S-Group,0.1821630431623457,0.05830473351729788,0.028925300782537397,0.6280093516155019,0.019158937716151302,0.08343863320616593
S-Group,S-Group,0.0,0.0,0.0014851829709013364,0.9588773992922949,0.0,0.03963741773680378
S-Group,S-Group,0.09281486496118674,0.013072488063342862,0.15764671673760522,0.5861067022116271,0.10381573710671649,0.0465434909195216
S-Group,S-Group,0.03934955769626258,0.009419354838709678,0.00559393762179875,0.8549725412501878,0.03256284022204023,0.058101768371000916
X-Group,X-Group,0.012196192276266676,0.0014225838195955605,0.02331423283452108,0.30996277007924933,0.0,0.6531042209903672
S-Group,S-Group,0.05294994158110325,0.01850770218228498,0.17188501050363247,0.6509533367544826,0.08724560920587585,0.018458399772620794
S-Group,S-Group,0.010775215360417412,0.0213558287603839,0.07392079170288797,0.5236315485769311,0.002507677836279456,0.36780893776310025
S-Group,S-Group,0.08442636584223097,0.0,0.055132074554682484,0.7794303498656079,0.01566861696947533,0.06534259276800322
C-Group,C-Group,0.5081188012375453,0.016071428571428573,0.1191138994947839,0.10174925441280576,0.2298565586015135,0.025090057681922993
S-Group,S-Group,0.03514498917167081,0.0,0.01132722557799656,0.9511496575272019,0.0,0.0023781277231305553
S-Group,S-Group,0.01711954259586026,0.16863157450157484,0.0009663416412118947,0.7416480162925374,0.01585107290038369,0.055783452068431785
S-Group,S-Group,0.022465455759755004,0.05566353924587167,0.0024515246121132313,0.9067610400597188,0.0,0.012658440322541327
S-Group,S-Group,0.01644194219955492,0.009419354838709678,0.03879221162185343,0.7367582011254887,0.19666015793638095,0.0019281322780122614
S-Group,S-Group,0.002892979628609752,0.008902439024390245,0.04397965921778838,0.829429908026523,0.0,0.11479501410268857
D-type,D-type,0.0,0.6913579692444201,0.008875379939209725,0.23491660213394422,0.056001563833941316,0.008848484848484849
X-Group,X-Group,0.0006621229763859277,0.028605700125377352,0.011379549867247495,0.3895928807835507,0.005187300367929488,0.5645724458795089
S-Group,S-Group,0.0012176511131948664,0.0,0.0036887191989545993,0.9790880860902089,0.0,0.016005543597641666
X-Group,C-Group,0.8300754708954604,0.0009138172140021654,0.016822351774031546,0.11510220792120723,0.0009138172140021654,0.03617233498129626
S-Group,S-Group,0.019299141047482034,0.0,0.0309245807252295,0.9196068881140289,0.00915360501567398,0.021015785097585612
X-Group,X-Group,0.027682537888314693,0.008121620930877097,0.04297160286141894,0.3945564300348948,0.004605537626039722,0.5220622706584548
S-Group,S-Group,0.020473007782538452,0.009419354838709678,0.038953465533693325,0.8963068054077697,0.009419354838709678,0.02542801159857917
C-Group,C-Group,0.8396006661319627,0.02157116943995871,0.04083487095411043,0.05983136253358696,0.014998923596980891,0.02316300734340027
S-Group,S-Group,0.008439306358381504,0.009700996677740863,0.0020974706622412407,0.9627071931883276,0.0,0.017055033113308898
V-type,V-type,0.0173,0.03,0.0,0.014677209459159218,0.9380227905408408,0.0
S-Group,S-Group,0.010250524230304424,0.16702678715768834,0.020098476121274446,0.7215421811230034,0.05490456451277737,0.026177466854951877
S-Group,S-Group,0.0,0.022767030808445114,0.02683879943094696,0.9409748149218982,0.009419354838709678,0.0
V-type,V-type,0.0,0.005,0.0,0.03147765512806774,0.9635223448719321,0.0
S-Group,S-Group,0.0,0.2260145676443261,0.050158386197273204,0.6919339312540588,0.024700996677740866,0.007192118226600985
S-Group,S-Group,0.07381460201339056,0.0,0.049973447901418624,0.8350952855769185,0.01566861696947533,0.025448047538797
S-Group,S-Group,0.1193851703858486,0.044399490360151256,0.035102942385977116,0.712515838550286,0.043938524709007665,0.04465803360872953
S-Group,S-Group,0.04995718711902933,0.01249184290205254,0.11613960206248024,0.7309994125611367,0.06115174545279247,0.02926020990250877
S-Group,S-Group,0.0005451499616517988,0.0,0.019951547269426564,0.9245221902495269,0.0,0.054981112519394776
S-Group,S-Group,0.0,0.0,0.027826372617163427,0.9702454951048243,0.0,0.0019281322780122614
S-Group,S-Group,0.01959493863224095,0.0,0.005024511552222309,0.9708107523357143,0.0,0.004569797479822243
S-Group,S-Group,0.09997660853092016,0.019218012556830484,0.1358404623142662,0.6063557238567576,0.005294031768205614,0.13331516097302012
X-Group,X-Group,0.015806360800223535,0.012631283567812639,0.03154308358635378,0.08631037343764168,0.07772773753290385,0.7759811610750644
S-Group,S-Group,0.010637005951904543,0.008439306358381504,0.025474720469430244,0.8951910641594213,0.05372409254941177,0.006533810511450747
Other,D-type,0.06999626244577238,0.3106699375598399,0.15161719926335096,0.2902162274902997,0.15259379710594514,0.024906576134791903
S-Group,S-Group,0.0,0.0,0.0,0.9817624476273994,0.0,0.018237552372600604
S-Group,S-Group,0.006779816224071937,0.0,0.007853968916563396,0.9077365386838053,0.0,0.0776296761755591
S-Group,S-Group,0.0012176511131948664,0.0,0.05882647152110994,0.936432988124275,0.0,0.003522889241420235
S-Group,S-Group,0.0,0.009419354838709678,0.01088936976639248,0.9238180770305374,0.0,0.05587319836436029
S-Group,S-Group,0.05111294441975174,0.008902439024390245,0.09677308849791409,0.672992397554649,0.14273631179648635,0.02748281870680872
S-Group,S-Group,0.023877568244485038,0.0,0.011481669556357276,0.8979555808454742,0.0,0.06668518135368334
S-Group,S-Group,0.03370405095761138,0.07636636337937616,0.016403155264223323,0.8345282826670654,0.009419354838709678,0.029578792893013916
S-Group,S-Group,0.00964657929641923,0.10140764038349179,0.01143297011713498,0.8457684688003054,0.0,0.03174434140264844
S-Group,S-Group,0.037568207492428805,0.0,0.04565030204406569,0.8665313867154435,0.017569280991261062,0.032680822756800884
S-Group,S-Group,0.0017689120181848311,0.0,0.004834266472395164,0.9872322670661897,0.0,0.0061645544432302165
V-type,V-type,0.0165,0.0,0.015066200414128482,0.03397051078188379,0.9250742212798722,0.009389067524115755
S-Group,S-Group,0.0012072729380377264,0.0,0.00572514083572264,0.9646513024062042,0.005187300367929488,0.023228983452105986
X-Group,S-Group,0.06398932233900402,0.0008679988532449535,0.08472086657537488,0.4456503705956935,0.002251252974786967,0.4025201886618958
S-Group,S-Group,0.008984456320033302,0.008439306358381504,0.022614735687860085,0.9338148740677429,0.026146627565982405,0.0
S-Group,S-Group,0.0006725011515430677,0.0,0.010972850601450968,0.9864265159689937,0.0,0.0019281322780122614
S-Group,S-Group,0.010208218376566333,0.0,0.05719674915013843,0.9264304780300651,0.0,0.0061645544432302165
S-Group,S-Group,0.009046069343757868,0.0,0.011666861275457331,0.9773589371027726,0.0,0.0019281322780122614
S-Group,S-Group,0.07737810016531692,0.004755281690140846,0.015978506904871993,0.7759293096718087,0.0,0.12595880156786138
S-Group,S-Group,0.03570813605650481,0.0,0.030741466324243218,0.8875843605694874,0.0,0.04596603704976445
S-Group,S-Group,0.09261941871976907,0.0,0.048819251232674776,0.7214852539358888,0.015969551807121868,0.12110652430454552
S-Group,S-Group,0.019859769628333433,0.05709677419354838,0.04916462730924744,0.7790021713380214,0.008682971036460976,0.08619368649438824
C-Group,C-Group,0.5403285059199516,0.008571428571428572,0.05646523173195039,0.3007339244967058,0.07994945037279727,0.013951458907166314
S-Group,S-Group,0.016972224984654675,0.006785714285714286,0.030864785023198036,0.7437178107277778,0.021320015107344364,0.18033944987131054
S-Group,S-Group,0.09490190271122655,0.0010684750684292641,0.14228047257293225,0.3893788554927084,0.054500914173708025,0.3178693799809954
S-Group,S-Group,0.02531600177423462,0.0,0.0296524979924544,0.9304617027534887,0.0,0.014569797479822243
V-type,V-type,0.008691801715919925,0.009419354838709678,0.006053034340951441,0.16113191645803654,0.7941325703122516,0.02057132233413082
Other,Other,0.053341447237607566,0.010294635191421105,0.5304286714981267,0.25454933562732107,0.011153691999177212,0.1402322184463464
S-Group,S-Group,0.0006621229763859277,0.027804878048780485,0.007856840502731248,0.9278681017027155,0.0,0.035808056769386934
S-Group,S-Group,0.05831334541265942,0.009700996677740863,0.0709549171355444,0.7203312527201559,0.12074816572314237,0.019951322330757262
S-Group,S-Group,0.02441709237572702,0.0,0.01912531423186484,0.9260206505043669,0.0,0.030436942888041222
S-Group,S-Group,0.09907973639104199,0.0,0.07227878486981815,0.650851242736932,0.0674761977101082,0.11031403829209979
S-Group,S-Group,0.02450537724870031,0.009419354838709678,0.029933054299820086,0.9144650878472562,0.0,0.02167712576551359
C-Group,C-Group,0.7439825870024254,0.07522247724262951,0.02928833384737048,0.07985719320676908,0.01896953568907548,0.052679873011730126
S-Group,S-Group,0.04867981699182081,0.01832179386309992,0.004655060840166494,0.8509820871128517,0.0551824815624973,0.02217875962956387
S-Group,S-Group,0.0,0.0,0.007978142076502732,0.9587891366218105,0.0,0.03323272130168682
V-type,V-type,0.015,0.0,0.0,0.03139656429786889,0.953603435702131,0.0
D-type,D-type,0.0,0.5030243225088982,0.015752846373834017,0.3202342573073507,0.11945139434058306,0.041537179469334065
V-type,V-type,0.015233766233766235,0.025,0.015934065934065933,0.030879648483549457,0.9041862855823847,0.008766233766233766
S-Group,S-Group,0.0005451499616517988,0.009419354838709678,0.010466628475923086,0.9357451436169364,0.0,0.04382372310677893
S-Group,S-Group,0.025178612716763006,0.0,0.00785794525957812,0.8852440580788881,0.06616050354051926,0.015558880404251414
S-Group,S-Group,0.14740992568662267,0.017298657718120808,0.32043737412604023,0.3959494062349993,0.040203282333937926,0.07870135390027895
X-Group,X-Group,0.06146697953678393,0.0,0.05648271141807227,0.31156920830701096,0.04571273716628621,0.5247683635718468
S-Group,S-Group,0.04464975469049623,0.0008679988532449535,0.0560324214620473,0.4874562073969079,0.008682971036460976,0.4023106465608426
S-Group,S-Group,0.024474601977445408,0.0,0.018207573728468224,0.9266206052149968,0.0,0.03069721907908951
S-Group,S-Group,0.07753134890684582,0.009970914092819506,0.028051488658550658,0.7569280706359414,0.01496981146840778,0.1125483662374351
S-Group,S-Group,0.011787782058178058,0.0,0.014675988052816787,0.905956572580097,0.019218012556830484,0.04836164475207774
Other,Other,0.07440205958359804,0.0,0.49513717169576293,0.34614045380354147,0.02999511868299246,0.05432519623410493
X-Group,X-Group,0.24551097144587516,0.08339517309873125,0.030241684261459588,0.12952963443590806,0.02462199243667713,0.486700544321349
S-Group,S-Group,0.0033118507440810276,0.01828753570070865,0.010429666688615963,0.9541609913925378,0.0,0.013809955474056479
S-Group,S-Group,0.012922110970783314,0.01832179386309992,0.0024515246121132313,0.9168628627742816,0.0,0.04944170777972182
S-Group,S-Group,0.28172409152203665,0.0646414333685421,0.06073892010384917,0.5141203483401566,0.05291095814002457,0.025864248525391043
D-type,D-type,0.011442006269592478,0.693781878201855,0.01837976516313099,0.22645620110425696,0.014033779866501806,0.035906369394662796
C-Group,C-Group,0.47922468642919064,0.0,0.09206717829868845,0.36621461215810897,0.04699626390544873,0.015497259208563135
S-Group,S-Group,0.005296850568702834,0.0,0.023791686419894723,0.9379305477155014,0.0,0.032980915295900984
S-Group,S-Group,0.00964657929641923,0.0,0.004655060840166494,0.9746962861627568,0.0,0.011002073700657462
S-Group,S-Group,0.08343575781624478,0.010568995530985816,0.050461497517650195,0.49972987011585523,0.03900592837785478,0.31679795064140914
S-Group,S-Group,0.010604371368869483,0.0,0.030983034517831715,0.9584125941132987,0.0,0.0
S-Group,S-Group,0.00949046535164131,0.003359057741269778,0.009286070916781897,0.833509684248794,0.0,0.14435472174151306
S-Group,S-Group,0.03938735472603718,0.0010684750684292641,0.016164994103230204,0.8602982456382279,0.008230079161348136,0.07485085130272746
S-Group,S-Group,0.02204203465559857,0.03885460169341484,0.015505917401516332,0.89573006777522,0.025985555278206028,0.001881823196044216
S-Group,S-Group,0.0,0.018838709677419355,0.0,0.927751459876631,0.028919009234571344,0.024490821211378338
S-Group,S-Group,0.023124770337963913,0.0,0.015043170107264667,0.9041580233404286,0.0,0.05767403621434268
S-Group,S-Group,0.0005451499616517988,0.0,0.0015912485367133586,0.9778636015016349,0.0,0.02
S-Group,S-Group,0.0069917680560848605,0.0,0.05561606467775359,0.9350140395430309,0.0,0.0023781277231305553
C-Group,C-Group,0.8070998114374516,0.012562946631550952,0.021774914652741797,0.1025768697022001,0.020657135905647505,0.035328321670408246
S-Group,S-Group,0.02015654532343753,0.036979012713541724,0.008776981506712517,0.7646310709212447,0.018102325875170654,0.15135406365989273
S-Group,S-Group,0.0,0.0,0.018875379939209725,0.9255924433552914,0.0,0.055532176705498974
S-Group,S-Group,0.04441500099638057,0.0019364739216742174,0.05839615644252057,0.4608490074025344,0.04025596234863741,0.3941473988882528
S-Group,S-Group,0.047456730895498546,0.002297864172306987,0.04886069142479082,0.701528118347658,0.017872825106323032,0.18198377005342242
X-Group,X-Group,0.01302179673030172,0.06816199617874466,0.05871439954026106,0.2556047865589388,0.002507677836279456,0.6019893431554744
V-type,V-type,0.006823355661213329,0.23858396898922807,0.0032727272727272726,0.1403654790515797,0.5934850012971026,0.01746946772814914
S-Group,S-Group,0.05924267148643964,0.0,0.04046576827241782,0.8574489710859283,0.027803322552911517,0.01503926660230257
S-Group,S-Group,0.051473527426340634,0.01028735369195463,0.07803351945804826,0.5876847482650076,0.002251252974786967,0.27026959818386165
S-Group,S-Group,0.0,0.0,0.0,0.9730092240552781,0.009798657718120806,0.017192118226600984
S-Group,S-Group,0.07660813477628296,0.0010684750684292641,0.12329890676647574,0.6645518200823514,0.05584266507334637,0.07862999823311428
S-Group,S-Group,0.03250207661631165,0.0031658630255519404,0.04080153931663025,0.5856349265406378,0.008606504115002089,0.32928909038586596
S-Group,S-Group,0.06458150011267723,0.0,0.08332506741342602,0.7954275071875873,0.041481546788728396,0.015184378497581039
X-Group,S-Group,0.06316251372339471,0.010841938658305237,0.08058818529378269,0.6188277338846756,0.00941935483870968,0.21716027360113205
S-Group,S-Group,0.0021607220276245887,0.20165507346583625,0.01550591740151633,0.7488181177296895,0.019700996677740865,0.012159172697592374
S-Group,S-Group,0.0060337157644803074,0.0,0.014708119814184765,0.8215783206148868,0.0,0.15767984380644795
X-Group,X-Group,0.0028350145944452663,0.0,0.0661994218613583,0.32572454415410335,0.0,0.6052410193900928
C-Group,C-Group,0.8964804764696762,0.0048404002091894825,0.022590702782557228,0.05957027475991658,0.008998923596980889,0.007519222181679308
S-Group,S-Group,0.017689870408205726,0.03669737087451053,0.08095181125654992,0.5594426549307395,0.011153691999177212,0.2940646005308171
X-Group,X-Group,0.07759430148167279,0.031355109690687916,0.019952923982741674,0.24180774133988187,0.025086225879272128,0.6042036976257433
S-Group,S-Group,0.04636540974700616,0.0,0.1716970903421008,0.6505167401328681,0.11126271712395724,0.020158042654067808
S-Group,S-Group,0.0,0.05686150021826014,0.01780706449333287,0.9062574589749051,0.0,0.019073976313502158
S-Group,S-Group,0.0,0.0,0.0,0.9817624476273993,0.0,0.018237552372600604
S-Group,S-Group,0.06867286727998607,0.057511586579444794,0.05390682844037966,0.4570626768585532,0.03478722255701299,0.32805881828462347
S-Group,S-Group,0.0,0.0,0.018218508169689184,0.9798533595522986,0.0,0.0019281322780122614
S-Group,S-Group,0.010781025082001289,0.03636636337937616,0.04125468204181794,0.825447782755331,0.01832179386309992,0.06782835287837365
C-Group,S-Group,0.29328679525511236,0.019218012556830484,0.2519912664532013,0.3221058239247685,0.06600653238157779,0.047391569428509674
S-Group,S-Group,0.0,0.0065132660248884726,0.09353076887553068,0.8108899356816022,0.009419354838709678,0.07964667457926904
C-Group,C-Group,0.5041117221455561,0.019419354838709678,0.1606602659141242,0.2018949732979338,0.0750469024404508,0.03886678136322537
S-Group,S-Group,0.0,0.0,0.007978142076502732,0.9765967964984358,0.0,0.015425061425061424
S-Group,S-Group,0.049685694733408024,0.009798657718120806,0.0724201199570539,0.773844944866786,0.005294031768205614,0.08895655095642557
S-Group,S-Group,0.009153605015673982,0.0,0.018338704986613795,0.9517310728712151,0.0,0.02077661712649711
S-Group,S-Group,0.02427615508271787,0.05637851609734976,0.013129595157872473,0.8230404133512708,0.00891566265060241,0.07425965766018658
S-Group,S-Group,0.014219472335364908,0.0,0.05756645582598638,0.9013466746921968,0.009419354838709678,0.017448042307742176
S-Group,S-Group,0.03761897437871322,0.0014225838195955605,0.02071372567460607,0.7397042717985144,0.0,0.20054044432857052
S-Group,S-Group,0.019245461005926726,0.009419354838709678,0.027622694965180328,0.9417843569121712,0.0,0.0019281322780122614
S-Group,S-Group,0.02785866119709118,0.0,0.02662613981762918,0.9209095207518411,0.02,0.004605678233438486
V-type,S-Group,0.0918791497529216,0.027927057020994656,0.08878297778244024,0.6351882702399484,0.12231661694895188,0.0339059282547432
S-Group,S-Group,0.031837315832607835,0.0,0.01663441864397803,0.9350361595946936,0.0,0.016492105928720534
S-Group,S-Group,0.013010605721406807,0.008902439024390245,0.008965848447391575,0.8264960015729075,0.00891566265060241,0.13370944258330128
S-Group,S-Group,0.006517503602258363,0.0,0.022550679548737664,0.9413452110512752,0.0,0.02958660579772863
C-Group,C-Group,0.5889367924409634,0.017142857142857144,0.10694478662697701,0.08109381187032866,0.19157809280591312,0.014303659112960746
S-Group,S-Group,0.005611017281342727,0.0,0.15156697253177925,0.8120583399610319,0.018902439024390243,0.011861231201455748
S-Group,S-Group,0.018255034350441412,0.2633792273555549,0.00984172158042162,0.6296285056079477,0.0360447685628188,0.04285074254281543
S-Group,S-Group,0.031837315832607835,0.0,0.03200275768878915,0.9254029932451047,0.0,0.010756933233498365
S-Group,S-Group,0.026984449582969205,0.0,0.08928099174287883,0.8076747332649679,0.01979995375972472,0.05625987164945925
S-Group,S-Group,0.019486024118180657,0.0,0.005990853193434204,0.910263924213298,0.018838709677419355,0.04542048879766766
C-Group,C-Group,0.8072582253329129,0.008636363636363636,0.04707739917066344,0.09329445785070549,0.014461813528909202,0.029271740480445264
X-Group,X-Group,0.011430434782608696,0.06950404943502672,0.01,0.2679093056662553,0.0,0.6411562101161092
C-Group,C-Group,0.7500269780162391,0.09247199908918034,0.01729808174144324,0.08942788391748875,0.0009138172140021654,0.04986124002164636
S-Group,S-Group,0.00964332892998679,0.09014761416707198,0.03558039910256581,0.7784693379095324,0.05745803739554596,0.028701282495297145
S-Group,S-Group,0.0,0.0,0.032649739924749836,0.9027317856095405,0.0,0.06461847446570979
S-Group,S-Group,0.0,0.0,0.009487667630549632,0.9905123323694504,0.0,0.0
S-Group,S-Group,0.03201051874158311,0.0,0.06574110800848723,0.8638261376173171,0.01865012406947891,0.01977211156313377
S-Group,S-Group,0.09750499646262437,0.0,0.07485963004723115,0.7125556708818425,0.08841452947499896,0.026665173133303126
S-Group,S-Group,0.062248022775758576,0.0,0.10230174608615242,0.6066253537438597,0.19249056674368537,0.036334310650543926
X-Group,X-Group,0.12541835672705737,0.03816408363736519,0.10287546479264963,0.05744736838270523,0.038865575810941154,0.6372291506492814
S-Group,S-Group,0.0031355932203389835,0.09639471873736469,0.08756133858347394,0.6446118754600476,0.047240803097671265,0.12105567090110364
S-Group,S-Group,0.0005451499616517988,0.02814030303612237,0.0036887191989545993,0.9577629129165635,0.0,0.009862914886707912
S-Group,S-Group,0.05527108254525175,0.023194167176224145,0.05849580398448251,0.7820534716478513,0.058350963287169356,0.02263451135902105
S-Group,S-Group,0.0,0.0,0.007245657568238214,0.9643082029473483,0.0,0.02844613948441352
S-Group,S-Group,0.0005451499616517988,0.0,0.0036887191989545993,0.9938379985613814,0.0,0.0019281322780122614
S-Group,S-Group,0.07222674315586072,0.019907184745848617,0.1609471260352109,0.6379889416810809,0.03437180482388951,0.0745581995581094
S-Group,S-Group,0.0013346241279289955,0.0,0.021343379038154007,0.9735120413598605,0.0,0.003809955474056477
S-Group,S-Group,0.0,0.03810309009799278,0.014556313791349801,0.9101878009451312,0.029218012556830483,0.007934782608695653
S-Group,S-Group,0.05277488932806633,0.0010684750684292641,0.09907194653735868,0.758878382019413,0.0251081061920486,0.06309820085468396
S-Group,S-Group,0.0005451499616517988,0.008902439024390245,0.047775171049543846,0.8515207567826072,0.0,0.09125648318180671
S-Group,S-Group,0.4186786185043532,0.0406380707241376,0.027154946673910593,0.43617463977480325,0.006911674809458668,0.07044204951333674
S-Group,S-Group,0.008439306358381504,0.11393788855264607,0.008402877697841727,0.840726596238919,0.009419354838709678,0.019073976313502158
S-Group,S-Group,0.004989158988664863,0.0,0.006423426528446459,0.8085357265080456,0.002251252974786967,0.17780043500005605
S-Group,S-Group,0.1738845388439962,0.0,0.02367809481727209,0.6447960220145476,0.15764134432418422,0.0
S-Group,S-Group,0.024679932351498065,0.0,0.07451174690904526,0.8981666555376467,0.0,0.0026416652018099816
S-Group,S-Group,0.09191330003243538,0.009798657718120806,0.2377131295060384,0.6225532651080292,0.018838709677419355,0.01918293795795675
S-Group,S-Group,0.09031400343359555,0.0,0.2102688615032436,0.6529430558211954,0.01799078341013825,0.028483295831827384
S-Group,S-Group,0.06294801648712224,0.0,0.09645614816396222,0.7392893204585146,0.07068010945605278,0.030626405434348233
S-Group,S-Group,0.04831041372102831,0.027463924354985916,0.07493604775717067,0.6970118862737241,0.121006837172931,0.03127089072015997
S-Group,S-Group,0.009153605015673982,0.0,0.0014851829709013364,0.9314985576658421,0.0,0.05786265434758256
S-Group,S-Group,0.0005451499616517988,0.008439306358381504,0.012564099138164326,0.9676748274153053,0.0,0.01077661712649711
S-Group,S-Group,0.05890360164206686,0.021962464938565837,0.029846710452864255,0.5556398161645055,0.008786381879432054,0.32486102492256563
S-Group,S-Group,0.0,0.009419354838709678,0.008402877697841727,0.9393487301666696,0.0,0.04282903729677891
S-Group,S-Group,0.007300000000000001,0.1836283293429048,0.01757288468329353,0.5489472844102573,0.12939574849410596,0.11315575306943844
S-Group,S-Group,0.028498170840870998,0.0008679988532449535,0.0559691905311384,0.6983131476304898,0.004605537626039722,0.21174595451821612
S-Group,S-Group,0.06013840261910541,0.0,0.06913050989837763,0.8394729258573203,0.0,0.03125816162519644
S-Group,S-Group,0.045178529364194336,0.037657318915211985,0.18305109992142918,0.44354966994367223,0.02914447540931546,0.261418906446177
Other,Other,0.04743027414389763,0.0783015675863325,0.6583873658156507,0.13591288721761796,0.032178886984612756,0.0477890182518885
S-Group,S-Group,0.1300025629297863,0.04664800521840735,0.032408626492437705,0.6518578845523492,0.10630497894983472,0.03277794185718486
S-Group,S-Group,0.06276927294583942,0.0,0.034746678105235004,0.887991646266843,0.0067272727272727284,0.0077651299548098405
S-Group,S-Group,0.03523805827183721,0.0010684750684292641,0.0259577333942727,0.6776650045864305,0.007648316419458369,0.25242241225957196
D-type,D-type,0.0022884012539184954,0.7776415614840967,0.009404186795491144,0.17392295440005376,0.02955077783983877,0.007192118226600985
S-Group,S-Group,0.007280062956572176,0.016343815758709378,0.02142411103616634,0.9212342897653459,0.0,0.033717720483206044
S-Group,S-Group,0.009483863134196947,0.032004572702971294,0.024108163251073237,0.5716901450730316,0.0,0.3627132558387269
S-Group,S-Group,0.0012072729380377264,0.018838709677419355,0.004655060840166494,0.9249585083471941,0.046530492723125774,0.003809955474056477
S-Group,S-Group,0.0006621229763859277,0.0,0.003063812303453135,0.9835616702217141,0.008902439024390245,0.003809955474056477
S-Group,S-Group,0.010091855990252745,0.0,0.05388040377638393,0.9340996079553512,0.0,0.0019281322780122614
X-Group,X-Group,0.10721995259566022,0.010814482029598312,0.07870355590631246,0.05778249416763278,0.010609637246609422,0.7348698780541869
C-Group,C-Group,0.9096509831336738,0.013500000000000002,0.03694308763458883,0.034036364014345864,0.0,0.005869565217391305
C-Group,C-Group,0.8333135184724941,0.008232106595763584,0.02716977984083845,0.10833121896795933,0.014794982138604432,0.008158393984339967
X-Group,X-Group,0.021356604573499766,0.020292278206238353,0.08571120305352575,0.19280181722067713,0.022750024473558467,0.6570880724725007
S-Group,S-Group,0.02078778910340238,0.0,0.013739355748650359,0.9587455824206746,0.0067272727272727284,0.0
V-type,S-Group,0.009153605015673982,0.0,0.0028805318081106383,0.6495620598522445,0.33647567104595866,0.0019281322780122614
S-Group,S-Group,0.013939166145509716,0.0024910588880248247,0.028541889308203755,0.6154231283380917,0.009419354838709678,0.33018540248146067
S-Group,S-Group,0.13977133641384723,0.02699943433368279,0.10378927229655431,0.609893739495313,0.08373752729609364,0.03580869016450904
S-Group,S-Group,0.016802974190542858,0.0,0.005476263500780536,0.9709934895814039,0.0067272727272727284,0.0
S-Group,S-Group,0.009101429334767432,0.013002408313264055,0.013877589741418039,0.8207547100112026,0.03250139356475669,0.11076246903459103
S-Group,S-Group,0.0017689120181848311,0.009419354838709678,0.04180531443481002,0.9175695832566427,0.009419354838709678,0.020017480612943072
S-Group,S-Group,0.0,0.09312225483560324,0.005680933852140076,0.8376703711663944,0.018838709677419355,0.044687730468442696
S-Group,S-Group,0.10775163166168308,0.01028735369195463,0.09634319099979065,0.559247116226508,0.021371604491237508,0.2049991029288262
V-type,V-type,0.09475611138409233,0.009605263157894737,0.13519656158613513,0.2305909183113431,0.5016135931879342,0.028237552372600602
S-Group,S-Group,0.007479516822836216,0.0275378427042104,0.041295008704264745,0.7351853797221564,0.004605537626039722,0.18389671442049235
C-Group,C-Group,0.5108911859695624,0.0,0.10189964188211252,0.3187156350916726,0.021165973256288155,0.04732756380036439
V-type,V-type,0.08483967992626536,0.0,0.019257197810961635,0.19255950499165295,0.6944951324226352,0.008848484848484849
S-Group,S-Group,0.1756990704231092,0.08276600988542103,0.06874480559577921,0.4221622945702157,0.15138194397501026,0.09924587555046475
C-Group,S-Group,0.24601961742223527,0.0,0.22720024496028057,0.4240952868565841,0.06188382954882977,0.040801021212070465
S-Group,S-Group,0.15365202377154272,0.0,0.06185686538304043,0.6697598542283998,0.09896996581222176,0.015761290804795304
V-type,V-type,0.05424818297578551,0.0,0.016799638717446934,0.1330946505888581,0.7958575277179095,0.0
S-Group,S-Group,0.04644052581469478,0.0,0.2149977534955939,0.6141692011378787,0.06566679393865289,0.05872572561317985
C-Group,C-Group,0.5125317608631266,0.011482554417413575,0.11185056703177007,0.1543679589543074,0.10392016604969846,0.10584699268368374
S-Group,S-Group,0.0,0.0,0.08584828007077507,0.8661289293883842,0.04802279054084078,0.0
Other,Other,0.03817776309855778,0.0,0.6348698730907572,0.2047933681238738,0.09193921054817412,0.030219785138637018
C-Group,Other,0.23335595796419548,0.08463445029609037,0.27570115276501617,0.2245411230486968,0.07155245140904193,0.11021486451695933
X-Group,X-Group,0.011886095057786726,0.012305241681942882,0.02849694084796099,0.3366624827895874,0.00979283799396921,0.6008564016287529
S-Group,S-Group,0.008439306358381504,0.028902831799040136,0.015956284153005464,0.9096253156395528,0.018838709677419355,0.018237552372600604
S-Group,S-Group,0.0,0.009419354838709678,0.01209747066224124,0.967165974696921,0.0,0.011317199802128017
D-type,D-type,0.0,0.6726814509146314,0.006348659578342872,0.28512589755385487,0.021465324384787474,0.014378667568383463
X-Group,X-Group,0.00632864825351392,0.009770437877635197,0.01498232473533998,0.2437629007733516,0.0,0.725155688360159
S-Group,S-Group,0.016864722006112387,0.0,0.015317109177071915,0.858078806679685,0.009700996677740863,0.1000383654593898
S-Group,S-Group,0.0,0.15665726222609389,0.011545290707527247,0.7839476583204911,0.035787018183117206,0.012062770562770563
S-Group,S-Group,0.0959692403284102,0.0718340099403884,0.09387184636304256,0.5483882643451462,0.002097859789760266,0.18783877923325243
C-Group,C-Group,0.815070959017528,0.006207303043197579,0.02728493485710761,0.11670830888701479,0.011708799352606596,0.023019694842545353
S-Group,S-Group,0.01636045022200271,0.0,0.007679832456905601,0.9684098215432971,0.0,0.0075498957777945085
S-Group,S-Group,0.06605995192653845,0.0,0.01975848024178915,0.6912565962911527,0.05910416586245919,0.16382080567806043
S-Group,S-Group,0.0005451499616517988,0.0,0.003076431507614695,0.9944502862527212,0.0,0.0019281322780122614
S-Group,S-Group,0.0,0.2889818032981326,0.0321626431438821,0.5483164114165133,0.06317707375070038,0.06736206839077136
C-Group,C-Group,0.31825578639672664,0.0648222132443476,0.23624732585327501,0.21452426126018664,0.055346695176479395,0.11080371806898487
C-Group,S-Group,0.16265191578243698,0.024642857142857143,0.06393843432223448,0.5777105586604987,0.13780114758941323,0.033255086502559726
Other,Other,0.20194374684383073,0.0,0.5859654068248115,0.1808219326069531,0.0067272727272727284,0.02454164099713192
S-Group,S-Group,0.0,0.4270639225348838,0.0,0.4912439059145305,0.06730793509738366,0.01438423645320197
S-Group,S-Group,0.009877828397142095,0.0,0.019033126177604495,0.9122048113591319,0.02195224965252783,0.036931984413593535
S-Group,S-Group,0.0,0.3515179913893685,0.017750759878419453,0.5574019364069085,0.048440224401732755,0.024889087923570682
V-type,V-type,0.06332111178997656,0.01275268817204301,0.044507502229884956,0.05561345723948907,0.8206060916044353,0.0031991489641709525
S-Group,S-Group,0.03775061779752603,0.009419354838709678,0.14755893626189553,0.703473435671099,0.02108996265220632,0.08070769277856335
S-Group,S-Group,0.0005451499616517988,0.018838709677419355,0.0015912485367133586,0.9790248918242156,0.0,0.0
S-Group,S-Group,0.0,0.030924417046368266,0.0,0.928468010141099,0.025700996677740867,0.014906576134791903
C-Group,C-Group,0.5912783032791209,0.0,0.05633746638135502,0.09673218165516506,0.12916828582676215,0.12648376285759683
C-Group,C-Group,0.7756000742638455,0.0,0.08408041285366945,0.14031951288248495,0.0,0.0
S-Group,S-Group,0.08316939805314613,0.0698007897910254,0.17534577097695603,0.4453990722415393,0.02648489251008132,0.19980007642725198
V-type,V-type,0.12352825727358621,0.0,0.15494953752000723,0.1471103430225985,0.5703241921484723,0.004087670035335719
S-Group,S-Group,0.0017554875025139027,0.06030589746870545,0.09458821443683205,0.7725837199628947,0.007168075180196769,0.06359860544885713
S-Group,S-Group,0.000356158356143088,0.09229586077646111,0.3311171032551858,0.4671527359250847,0.01363181274195935,0.0954463289451661
Other,S-Group,0.07335258599065049,0.0,0.2755947788712477,0.49117643279467926,0.1385054186175339,0.021370783725888572
C-Group,C-Group,0.63878279716861,0.0,0.16574898143176367,0.08778807308111716,0.107680148318509,0.0
Other,Other,0.029250230837526345,0.09929256143611254,0.531210283909937,0.26766860770192,0.010717886075041975,0.06186043003946216
C-Group,C-Group,0.8619594384949394,0.01948171672575113,0.05457605030683022,0.02194167081669288,0.02061123837699684,0.021429885278789352
S-Group,S-Group,0.000356158356143088,0.09187634642259228,0.3430426849343129,0.43926197847447157,0.016697431827232156,0.10876539998524823
S-Group,S-Group,0.01557869488658477,0.13082357034454856,0.2149915162040892,0.5444563498703718,0.005926881583352056,0.08822298711105332
X-Group,X-Group,0.004130434782608695,0.3829799779969681,0.05389409470166884,0.15964080741337364,0.002097859789760266,0.39725682531562057
S-Group,S-Group,0.0007773774512217195,0.010841938658305237,0.15821951029977716,0.8155094042313396,0.0,0.014651769359356415
S-Group,S-Group,0.017655990167984727,0.03243645909192861,0.13949929780674933,0.7122595200005231,0.0,0.09814873293281418
C-Group,C-Group,0.8343094286228236,0.016317654225751127,0.03868928501800889,0.015395847092689423,0.06679882400176591,0.028488961038961036
S-Group,S-Group,0.005643800885740919,0.028909674378238662,0.15151084648143404,0.6458374171523854,0.05531903208331104,0.11277922901888988
X-Group,X-Group,0.000356158356143088,0.10526966349900689,0.26312305026823296,0.24433738063258997,0.011482866147749364,0.3754308810962778
X-Group,X-Group,0.010104325712920364,0.09163372597579586,0.1442526827987794,0.14233052997184548,0.002097859789760266,0.6095808757508986
C-Group,C-Group,0.702086297113119,0.0,0.0865740123607494,0.20383969052613143,0.007499999999999999,0.0
S-Group,S-Group,0.0007773774512217195,0.0634193812404354,0.1484308204936583,0.7470913387644659,0.0,0.04028108205021891
S-Group,S-Group,0.005174691249586503,0.06674849776391839,0.1315636130601252,0.7110304744688866,0.010587278927269371,0.07489544453021389
S-Group,S-Group,0.0005451499616517988,0.012890224499058958,0.05190471131817512,0.8741612448359284,0.0,0.060498669385185805
S-Group,S-Group,0.0007773774512217195,0.02135775069792607,0.07190053456926837,0.8736615407859969,0.0,0.03230279649558685
S-Group,S-Group,0.0007773774512217195,0.032303771001017514,0.2184534106866108,0.6238588906144653,0.0,0.1246065502466847
S-Group,S-Group,0.0007773774512217195,0.009444561841573582,0.06638261829698261,0.8919604055936853,0.0,0.031435036816536914
Other,S-Group,0.000356158356143088,0.07928087753267342,0.19939737867045768,0.5901255158395379,0.022071119100340854,0.1087689505008472
S-Group,S-Group,0.23638079024075404,0.0858927028331946,0.06312288562937185,0.47321603264835865,0.030191250271939602,0.11119633837638107
C-Group,C-Group,0.8104433142887324,0.0009138172140021654,0.08717965628660827,0.017890059437581544,0.07879786506865384,0.004775287704421563
X-Group,X-Group,0.35180332950061133,0.0,0.020787852867188327,0.11349745429727383,0.07336790363941763,0.4405434596955088
S-Group,C-Group,0.6099528063947539,0.02120506912442396,0.10690551706397829,0.2529366074168438,0.009000000000000001,0.0
S-Group,S-Group,0.009216683809603223,0.011559092979805263,0.07242934142554978,0.8760868422528627,0.0,0.030708039532178873
Other,Other,0.01632303364081838,0.021576166385422556,0.6122757608658693,0.0686649672345226,0.032775037567273596,0.2483850343060934
Other,Other,0.000356158356143088,0.11610663265610364,0.5991287544364927,0.16389597748217952,0.006289266915733429,0.11422321015334756
S-Group,S-Group,0.010054913333468867,0.05289119472672888,0.35271766378311914,0.48268787998710716,0.004605537626039722,0.09704281054353642
C-Group,C-Group,0.8531939400941829,0.021071919980800585,0.02475155445284962,0.03228467965087676,0.03280176373417321,0.03589614208711666
S-Group,S-Group,0.0007773774512217195,0.07624542690094788,0.016374364794104923,0.8753511985825726,0.0,0.03125163227115285
S-Group,S-Group,0.021864696323576394,0.06320150043141894,0.2037501577095995,0.5903318470057771,0.05260250137810584,0.06824929715152205
V-type,V-type,0.22581820836775318,0.013910381094877664,0.03078004416347069,0.024998165644067875,0.68761126615818,0.016881934571650468
S-Group,C-Group,0.5165219592781999,0.0,0.04430179787778142,0.43440095513959703,0.0,0.004775287704421563
C-Group,C-Group,0.879292587556168,0.004285714285714286,0.009619244969136253,0.0914609381657059,0.009000000000000001,0.006341515023275497
